function res = IW(W)
res = [...
   0     0     0     2*W(3)   0       -2*W(2)
   0     0     0     2*W(3)   -2*W(1)  0
   0     0     0     0         2*W(1)  2*W(2)
   W(3)  -W(3) 0     0        -1*W(2)  1*W(1)
   0     W(1)  -W(1) 1*W(2)     0      1*W(3)
   W(2)  0     -W(2) 1*W(1)   -1*W(3)  0.0000];
end